92.0 9.435769832702277
54.0 7.236711418579211
56.0 7.3790045731305005
22.0 4.688645497965349
65.0 8.22762348419657
22.0 4.688645497965349
52.0 7.408428069336075
59.0 7.808493349296436
40.0 6.4735779524326285
91.0 9.560589516519688
33.0 5.944545018559482
93.0 9.453994332738965
92.0 9.435769832702277
0.0 0.0
60.0 7.68500456819439
59.0 7.808493349296436
88.0 9.387911180193592
74.0 8.405296014948977
56.0 7.3790045731305005
93.0 9.453994332738965
62.0 7.726171734681967
12.0 3.3567870315376673
18.0 4.092443237764949
86.0 9.088926806094891
56.0 7.3790045731305005
1.0 1.1682941969615794
56.0 7.3790045731305005
99.0 9.750033004228928
11.0 3.1166267490452593
37.0 5.95405490362682
19.0 4.388874385473264
9.0 3.0824236970483514
80.0 8.745494179214484
56.0 7.3790045731305005
49.0 6.809249469448106
63.0 7.970725073254333
13.0 3.6895846828293175
59.0 7.808493349296436
58.0 7.814347635480816
33.0 5.944545018559482
77.0 8.974868419108269
93.0 9.453994332738965
54.0 7.236711418579211
63.0 7.970725073254333
22.0 4.688645497965349
50.0 7.01859284112469
40.0 6.4735779524326285
4.0 1.8486395009384142
99.0 9.750033004228928
52.0 7.408428069336075
58.0 7.814347635480816
0.0 0.0
74.0 8.405296014948977
56.0 7.3790045731305005
16.0 3.942419336666987
4.0 1.8486395009384142
5.0 2.0442831225671623
24.0 4.717863813165031
19.0 4.388874385473264
30.0 5.279619250233089
40.0 6.4735779524326285
4.0 1.8486395009384142
72.0 8.536046046790977
64.0 8.184005207639359
1.0 1.1682941969615794
34.0 5.9367684320693055
91.0 9.560589516519688
77.0 8.974868419108269
71.0 8.616360703827233
15.0 4.003040914238841
46.0 6.96268765265503
66.0 8.118728173831167
29.0 5.25243803029191
50.0 7.01859284112469
98.0 9.78481856221358
61.0 7.617026121904975
19.0 4.388874385473264
41.0 6.371399703671907
42.0 6.2974363888247336
50.0 7.01859284112469
19.0 4.388874385473264
48.0 6.774552298010775
81.0 8.87402240114511
96.0 9.994676520219581
34.0 5.9367684320693055
16.0 3.942419336666987
42.0 6.2974363888247336
56.0 7.3790045731305005
14.0 3.9397788579129154
75.0 8.5826977107625
29.0 5.25243803029191
71.0 8.616360703827233
91.0 9.560589516519688
32.0 5.767139585740718
82.0 9.118030894624034
36.0 5.801644229311377
91.0 9.560589516519688
64.0 8.184005207639359
1.0 1.1682941969615794
87.0 9.163015485762651
